ID,count,平均一胎總數,平均一胎活著數,平均一胎死亡數
6672,3681,8.908177125781037,8.000543330616681,0.9076337951643575
9830,8495,7.848381400824014,5.416009417304297,2.4323719835197175
6681,3957,8.753095779631034,6.329289866060146,2.423805913570887
6682,4242,9.008722300801509,8.06058462989156,0.9481376709099482
6669,3007,8.423012969737279,7.669770535417359,0.7532424343199202
6670,3712,8.344827586206897,6.497844827586207,1.8469827586206897
6680,1406,8.495732574679943,7.986486486486487,0.5092460881934566
6676,3530,8.301133144475921,7.5031161473087815,0.7980169971671388
9896,2239,8.161232693166593,6.072800357302367,2.088432335864225
6665,1822,8.580680570801317,7.031284302963776,1.5493962678375413
6661,3864,8.884316770186336,6.7978778467908905,2.0864389233954452
6678,4078,8.495586071603727,6.7697400686611084,1.725846002942619
6663,2292,8.825479930191973,7.321116928446771,1.5043630017452008
6673,2477,8.883730318934195,8.025837706903513,0.8578926120306822
6668,1692,8.653664302600474,7.837470449172577,0.816193853427896
6677,3666,8.363611565739225,6.776050190943808,1.5875613747954174
6664,1701,9.031746031746032,8.604938271604938,0.42680776014109345
6666,2762,8.47827661115134,7.946777697320782,0.5314989138305576
6675,4427,8.503049469166479,7.960921617348092,0.5421278518183872
6683,3892,8.076310380267214,5.6765159301130526,2.3997944501541624
